# oST version 5.0 parameters


[image]

width
1280

height
720

[narrow_stereo]

camera matrix
969.564571 0.000000 634.268625
0.000000 975.881501 360.069843
0.000000 0.000000 1.000000

distortion
0.129347 -0.264730 0.003685 -0.008440 0.000000

rectification
1.000000 0.000000 0.000000
0.000000 1.000000 0.000000
0.000000 0.000000 1.000000

projection
974.049744 0.000000 621.670754 0.000000
0.000000 995.423706 361.471655 0.000000
0.000000 0.000000 1.000000 0.000000
