# oST version 5.0 parameters


[image]

width
1280

height
720

[narrow_stereo]

camera matrix
914.057050 0.000000 646.460152
0.000000 916.365687 340.165067
0.000000 0.000000 1.000000

distortion
0.113286 -0.210443 -0.001304 -0.004555 0.000000

rectification
1.000000 0.000000 0.000000
0.000000 1.000000 0.000000
0.000000 0.000000 1.000000

projection
918.228027 0.000000 639.937531 0.000000
0.000000 931.741516 339.010677 0.000000
0.000000 0.000000 1.000000 0.000000
