# oST version 5.0 parameters


[image]

width
1280

height
720

[narrow_stereo]

camera matrix
922.300988 0.000000 649.789451
0.000000 922.039713 342.336129
0.000000 0.000000 1.000000

distortion
0.120179 -0.225622 -0.003572 -0.001436 0.000000

rectification
1.000000 0.000000 0.000000
0.000000 1.000000 0.000000
0.000000 0.000000 1.000000

projection
927.220642 0.000000 648.183270 0.000000
0.000000 935.941345 339.990835 0.000000
0.000000 0.000000 1.000000 0.000000
