# oST version 5.0 parameters


[image]

width
1280

height
720

[narrow_stereo]

camera matrix
907.361840 0.000000 644.758982
0.000000 907.895417 369.377262
0.000000 0.000000 1.000000

distortion
0.105510 -0.183636 0.003286 -0.005876 0.000000

rectification
1.000000 0.000000 0.000000
0.000000 1.000000 0.000000
0.000000 0.000000 1.000000

projection
913.414001 0.000000 636.123929 0.000000
0.000000 924.056030 370.647420 0.000000
0.000000 0.000000 1.000000 0.000000
