# oST version 5.0 parameters


[image]

width
1280

height
720

[narrow_stereo]

camera matrix
902.779042 0.000000 650.225464
0.000000 905.122559 364.074076
0.000000 0.000000 1.000000

distortion
0.091648 -0.173620 -0.000497 -0.003587 0.000000

rectification
1.000000 0.000000 0.000000
0.000000 1.000000 0.000000
0.000000 0.000000 1.000000

projection
904.358887 0.000000 645.342452 0.000000
0.000000 917.080750 363.311098 0.000000
0.000000 0.000000 1.000000 0.000000
